1 0
0 2
3 0
0 4
5 0
0 6
7 0
0 8
9 0
10 0
0 11
12 0
0 13
14 0
15 0
0 16
0 17
18 0
0 19
20 0
2 1
3 1
4 1
1 5
1 6
1 7
1 8
1 9
10 1
11 1
12 1
1 13
1 14
1 15
1 16
17 1
18 1
1 19
1 20
2 3
4 2
2 5
6 2
2 7
8 2
9 2
2 10
2 11
2 12
13 2
2 14
15 2
16 2
2 17
18 2
19 2
20 2
4 3
5 3
3 6
7 3
3 8
9 3
10 3
11 3
12 3
3 13
14 3
3 15
3 16
3 17
3 18
19 3
3 20
4 5
6 4
4 7
8 4
9 4
4 10
11 4
4 12
4 13
14 4
15 4
4 16
17 4
4 18
4 19
20 4
5 6
7 5
8 5
5 9
10 5
11 5
5 12
13 5
5 14
5 15
16 5
5 17
5 18
5 19
5 20
6 7
6 8
9 6
10 6
6 11
12 6
6 13
14 6
15 6
16 6
17 6
6 18
19 6
20 6
7 8
7 9
7 10
11 7
7 12
7 13
7 14
7 15
16 7
7 17
18 7
7 19
20 7
8 9
10 8
8 11
12 8
8 13
14 8
8 15
16 8
17 8
8 18
19 8
8 20
9 10
11 9
12 9
9 13
9 14
9 15
16 9
9 17
18 9
19 9
20 9
10 11
12 10
10 13
10 14
10 15
10 16
17 10
10 18
10 19
10 20
12 11
13 11
14 11
15 11
16 11
11 17
11 18
19 11
20 11
13 12
14 12
12 15
16 12
17 12
12 18
12 19
20 12
14 13
13 15
16 13
17 13
13 18
13 19
13 20
15 14
14 16
17 14
14 18
14 19
20 14
15 16
15 17
18 15
19 15
15 20
17 16
18 16
19 16
20 16
17 18
17 19
17 20
19 18
20 18
20 19