1 0
0 2
3 0
0 4
0 5
6 0
0 7
0 8
0 9
0 10
0 11
0 12
0 13
0 14
15 0
16 0
1 2
1 3
4 1
5 1
1 6
7 1
8 1
1 9
10 1
1 11
1 12
13 1
1 14
1 15
16 1
2 3
2 4
2 5
6 2
2 7
8 2
2 9
10 2
11 2
12 2
13 2
14 2
2 15
2 16
3 4
5 3
6 3
3 7
3 8
9 3
3 10
11 3
3 12
13 3
14 3
15 3
3 16
4 5
4 6
7 4
8 4
9 4
4 10
4 11
4 12
13 4
4 14
15 4
16 4
6 5
7 5
8 5
5 9
10 5
5 11
5 12
13 5
14 5
5 15
16 5
6 7
6 8
9 6
6 10
11 6
6 12
6 13
6 14
15 6
16 6
7 8
7 9
7 10
7 11
7 12
7 13
14 7
7 15
7 16
9 8
8 10
8 11
12 8
8 13
14 8
15 8
8 16
10 9
11 9
12 9
13 9
9 14
15 9
16 9
10 11
12 10
13 10
10 14
10 15
16 10
12 11
13 11
14 11
11 15
16 11
13 12
12 14
12 15
12 16
13 14
13 15
16 13
14 15
16 14
16 15