1 0
0 2
0 3
4 0
0 5
0 6
0 7
0 8
0 9
0 10
11 0
0 12
0 13
0 14
0 15
0 16
17 0
18 0
0 19
20 0
0 21
0 22
23 0
0 24
25 0
26 0
27 0
0 28
29 0
0 30
31 0
32 0
33 0
0 34
0 35
0 36
37 0
38 0
0 39
40 0
0 41
0 42
43 0
0 44
45 0
46 0
0 47
48 0
0 49
1 2
1 3
4 1
5 1
1 6
1 7
8 1
9 1
10 1
1 11
1 12
13 1
1 14
15 1
16 1
17 1
1 18
19 1
1 20
21 1
22 1
23 1
1 24
25 1
26 1
27 1
1 28
1 29
30 1
31 1
1 32
33 1
1 34
35 1
1 36
1 37
38 1
1 39
1 40
1 41
42 1
43 1
44 1
45 1
46 1
1 47
1 48
49 1
2 3
2 4
2 5
2 6
7 2
8 2
2 9
10 2
11 2
12 2
13 2
2 14
2 15
2 16
2 17
2 18
2 19
20 2
2 21
2 22
23 2
2 24
2 25
26 2
2 27
2 28
2 29
30 2
2 31
2 32
2 33
2 34
2 35
36 2
2 37
2 38
39 2
2 40
41 2
42 2
2 43
2 44
45 2
2 46
47 2
48 2
49 2
4 3
5 3
3 6
3 7
3 8
3 9
3 10
11 3
12 3
3 13
14 3
3 15
3 16
17 3
18 3
19 3
20 3
21 3
22 3
3 23
24 3
25 3
26 3
27 3
28 3
29 3
3 30
31 3
32 3
33 3
3 34
35 3
36 3
37 3
3 38
3 39
3 40
41 3
42 3
43 3
44 3
45 3
3 46
47 3
3 48
49 3
4 5
6 4
4 7
8 4
4 9
4 10
11 4
12 4
4 13
4 14
4 15
4 16
17 4
4 18
4 19
4 20
4 21
22 4
4 23
24 4
4 25
4 26
27 4
28 4
4 29
30 4
31 4
32 4
4 33
34 4
35 4
4 36
4 37
4 38
39 4
40 4
41 4
4 42
43 4
44 4
4 45
4 46
47 4
4 48
49 4
5 6
5 7
8 5
5 9
10 5
11 5
12 5
5 13
5 14
5 15
16 5
17 5
18 5
19 5
5 20
5 21
5 22
23 5
24 5
5 25
26 5
5 27
5 28
29 5
30 5
31 5
5 32
5 33
34 5
35 5
36 5
37 5
38 5
5 39
40 5
5 41
42 5
5 43
5 44
45 5
46 5
47 5
48 5
5 49
7 6
6 8
6 9
10 6
6 11
12 6
6 13
14 6
6 15
16 6
17 6
18 6
6 19
6 20
6 21
6 22
23 6
24 6
25 6
26 6
6 27
28 6
6 29
6 30
31 6
32 6
6 33
6 34
35 6
6 36
37 6
38 6
6 39
40 6
6 41
6 42
43 6
44 6
6 45
6 46
6 47
48 6
49 6
7 8
7 9
10 7
7 11
7 12
13 7
7 14
15 7
7 16
7 17
18 7
19 7
20 7
21 7
22 7
23 7
24 7
7 25
7 26
7 27
7 28
29 7
7 30
31 7
32 7
33 7
7 34
35 7
7 36
37 7
38 7
39 7
7 40
7 41
7 42
7 43
7 44
45 7
46 7
7 47
7 48
49 7
8 9
10 8
8 11
12 8
8 13
14 8
15 8
8 16
17 8
18 8
8 19
8 20
21 8
8 22
8 23
24 8
8 25
8 26
27 8
28 8
29 8
8 30
31 8
8 32
33 8
8 34
8 35
36 8
37 8
38 8
8 39
40 8
8 41
8 42
8 43
44 8
45 8
8 46
8 47
48 8
8 49
9 10
11 9
12 9
9 13
14 9
9 15
9 16
17 9
9 18
19 9
9 20
9 21
22 9
9 23
24 9
25 9
9 26
27 9
28 9
9 29
30 9
9 31
9 32
33 9
34 9
35 9
9 36
37 9
9 38
39 9
40 9
9 41
42 9
43 9
44 9
9 45
9 46
47 9
9 48
49 9
10 11
12 10
13 10
10 14
15 10
10 16
10 17
18 10
19 10
10 20
10 21
22 10
10 23
10 24
10 25
26 10
27 10
10 28
10 29
30 10
10 31
32 10
33 10
10 34
10 35
36 10
37 10
10 38
10 39
40 10
41 10
42 10
10 43
44 10
10 45
46 10
10 47
48 10
49 10
12 11
11 13
11 14
15 11
16 11
11 17
18 11
11 19
11 20
11 21
22 11
11 23
11 24
25 11
11 26
11 27
11 28
11 29
11 30
31 11
11 32
33 11
34 11
11 35
11 36
11 37
38 11
39 11
40 11
41 11
42 11
11 43
11 44
11 45
46 11
11 47
11 48
11 49
13 12
14 12
15 12
16 12
17 12
12 18
12 19
12 20
12 21
12 22
23 12
24 12
12 25
26 12
27 12
12 28
29 12
30 12
12 31
12 32
12 33
34 12
12 35
12 36
37 12
38 12
12 39
40 12
12 41
12 42
43 12
44 12
12 45
46 12
47 12
12 48
12 49
14 13
13 15
13 16
13 17
13 18
19 13
20 13
13 21
13 22
13 23
13 24
25 13
26 13
13 27
28 13
13 29
13 30
31 13
13 32
33 13
13 34
13 35
36 13
37 13
38 13
13 39
13 40
13 41
13 42
43 13
44 13
13 45
46 13
47 13
13 48
49 13
14 15
16 14
14 17
14 18
19 14
20 14
21 14
22 14
14 23
24 14
14 25
14 26
14 27
14 28
14 29
14 30
31 14
32 14
33 14
34 14
35 14
36 14
37 14
38 14
14 39
14 40
41 14
42 14
14 43
14 44
14 45
46 14
14 47
14 48
49 14
16 15
17 15
18 15
19 15
20 15
21 15
22 15
15 23
15 24
15 25
26 15
15 27
15 28
29 15
30 15
15 31
15 32
15 33
34 15
15 35
36 15
15 37
38 15
15 39
15 40
41 15
42 15
43 15
44 15
15 45
46 15
15 47
15 48
49 15
17 16
18 16
19 16
20 16
16 21
16 22
16 23
24 16
16 25
16 26
27 16
16 28
29 16
16 30
16 31
32 16
33 16
34 16
16 35
36 16
16 37
16 38
16 39
40 16
41 16
16 42
43 16
44 16
45 16
46 16
16 47
16 48
49 16
17 18
17 19
20 17
17 21
17 22
23 17
17 24
17 25
26 17
27 17
17 28
29 17
17 30
31 17
32 17
17 33
17 34
17 35
17 36
17 37
17 38
39 17
40 17
41 17
42 17
17 43
44 17
45 17
46 17
17 47
48 17
17 49
18 19
18 20
21 18
18 22
18 23
18 24
18 25
26 18
27 18
18 28
18 29
18 30
18 31
18 32
18 33
34 18
18 35
18 36
37 18
38 18
39 18
18 40
41 18
18 42
43 18
44 18
45 18
18 46
18 47
48 18
18 49
19 20
21 19
19 22
19 23
19 24
19 25
19 26
19 27
19 28
19 29
19 30
19 31
32 19
33 19
19 34
19 35
36 19
37 19
19 38
39 19
40 19
19 41
19 42
43 19
19 44
45 19
19 46
19 47
19 48
19 49
21 20
22 20
20 23
24 20
25 20
20 26
20 27
28 20
20 29
20 30
20 31
20 32
20 33
34 20
20 35
36 20
37 20
20 38
39 20
40 20
20 41
42 20
20 43
44 20
20 45
20 46
47 20
48 20
49 20
22 21
23 21
21 24
21 25
26 21
27 21
28 21
29 21
21 30
21 31
32 21
33 21
34 21
21 35
36 21
21 37
21 38
21 39
40 21
21 41
42 21
21 43
44 21
21 45
21 46
21 47
21 48
21 49
22 23
24 22
22 25
26 22
22 27
28 22
29 22
22 30
31 22
22 32
33 22
22 34
22 35
22 36
37 22
22 38
39 22
40 22
41 22
42 22
43 22
44 22
45 22
22 46
22 47
22 48
22 49
23 24
23 25
26 23
27 23
28 23
23 29
30 23
31 23
32 23
23 33
34 23
35 23
23 36
37 23
23 38
39 23
40 23
23 41
42 23
43 23
23 44
45 23
46 23
47 23
23 48
49 23
24 25
24 26
27 24
28 24
24 29
30 24
31 24
32 24
33 24
34 24
35 24
36 24
37 24
24 38
24 39
40 24
24 41
42 24
43 24
44 24
45 24
46 24
47 24
48 24
24 49
25 26
25 27
25 28
29 25
25 30
25 31
25 32
33 25
34 25
35 25
25 36
37 25
25 38
39 25
40 25
41 25
25 42
43 25
44 25
45 25
46 25
25 47
48 25
25 49
26 27
26 28
26 29
30 26
26 31
32 26
26 33
26 34
35 26
26 36
37 26
38 26
39 26
26 40
26 41
42 26
26 43
44 26
45 26
46 26
26 47
26 48
49 26
27 28
29 27
27 30
27 31
27 32
27 33
34 27
35 27
36 27
37 27
27 38
27 39
40 27
27 41
27 42
27 43
44 27
45 27
46 27
27 47
27 48
27 49
29 28
28 30
28 31
28 32
28 33
34 28
28 35
28 36
37 28
38 28
39 28
40 28
28 41
42 28
43 28
44 28
45 28
28 46
28 47
48 28
49 28
29 30
31 29
29 32
33 29
29 34
35 29
29 36
29 37
38 29
39 29
40 29
29 41
42 29
29 43
44 29
29 45
29 46
29 47
48 29
29 49
30 31
30 32
33 30
34 30
30 35
36 30
30 37
30 38
39 30
30 40
41 30
30 42
30 43
30 44
30 45
46 30
30 47
30 48
49 30
31 32
33 31
31 34
35 31
31 36
37 31
31 38
39 31
40 31
31 41
31 42
43 31
44 31
31 45
31 46
31 47
31 48
49 31
32 33
34 32
35 32
36 32
32 37
38 32
32 39
40 32
41 32
32 42
43 32
44 32
45 32
46 32
32 47
32 48
49 32
33 34
35 33
36 33
37 33
33 38
33 39
40 33
33 41
42 33
33 43
33 44
45 33
46 33
33 47
48 33
33 49
34 35
36 34
37 34
38 34
34 39
40 34
41 34
42 34
43 34
44 34
34 45
46 34
47 34
34 48
34 49
36 35
35 37
35 38
35 39
40 35
41 35
42 35
43 35
35 44
35 45
35 46
47 35
48 35
49 35
37 36
36 38
36 39
36 40
41 36
36 42
36 43
44 36
36 45
46 36
36 47
36 48
36 49
37 38
39 37
37 40
37 41
42 37
37 43
44 37
37 45
37 46
37 47
48 37
37 49
38 39
38 40
38 41
38 42
38 43
44 38
38 45
46 38
47 38
38 48
49 38
39 40
41 39
39 42
43 39
39 44
45 39
39 46
39 47
39 48
39 49
41 40
40 42
43 40
44 40
40 45
46 40
47 40
40 48
49 40
42 41
41 43
44 41
45 41
46 41
41 47
48 41
49 41
42 43
42 44
42 45
46 42
42 47
48 42
49 42
44 43
45 43
46 43
47 43
48 43
43 49
44 45
44 46
47 44
48 44
49 44
46 45
47 45
45 48
49 45
47 46
48 46
46 49
47 48
47 49
49 48