1 0
0 2
3 0
0 4
0 5
0 6
0 7
0 8
9 0
0 10
11 0
0 12
0 13
0 14
15 0
0 16
17 0
1 2
1 3
4 1
1 5
6 1
7 1
8 1
9 1
1 10
1 11
1 12
1 13
14 1
15 1
16 1
1 17
3 2
4 2
2 5
6 2
7 2
2 8
2 9
10 2
11 2
2 12
2 13
2 14
2 15
16 2
2 17
4 3
5 3
3 6
3 7
8 3
9 3
10 3
3 11
12 3
3 13
3 14
3 15
3 16
17 3
5 4
6 4
7 4
8 4
4 9
4 10
4 11
12 4
4 13
4 14
4 15
4 16
17 4
6 5
7 5
8 5
9 5
10 5
11 5
12 5
13 5
14 5
5 15
5 16
17 5
7 6
8 6
6 9
6 10
6 11
6 12
13 6
14 6
6 15
16 6
6 17
7 8
9 7
10 7
7 11
7 12
13 7
14 7
15 7
16 7
7 17
8 9
10 8
8 11
8 12
13 8
14 8
15 8
8 16
17 8
10 9
9 11
12 9
9 13
14 9
9 15
16 9
17 9
10 11
10 12
13 10
10 14
15 10
10 16
17 10
11 12
13 11
14 11
11 15
16 11
11 17
13 12
12 14
12 15
16 12
12 17
13 14
13 15
16 13
13 17
15 14
16 14
17 14
16 15
15 17
17 16