1 0
2 0
3 0
4 0
0 5
6 0
7 0
0 8
9 0
0 10
11 0
0 12
0 13
14 0
15 0
2 1
1 3
1 4
1 5
1 6
7 1
1 8
9 1
1 10
11 1
1 12
1 13
1 14
15 1
3 2
2 4
5 2
2 6
7 2
2 8
9 2
2 10
11 2
12 2
2 13
2 14
15 2
3 4
3 5
6 3
3 7
8 3
9 3
3 10
11 3
12 3
13 3
3 14
3 15
4 5
4 6
7 4
4 8
9 4
10 4
4 11
4 12
4 13
4 14
4 15
5 6
7 5
5 8
5 9
5 10
5 11
5 12
5 13
14 5
15 5
7 6
6 8
6 9
10 6
6 11
6 12
6 13
6 14
15 6
8 7
7 9
10 7
7 11
12 7
7 13
14 7
7 15
8 9
8 10
11 8
8 12
13 8
14 8
8 15
10 9
9 11
9 12
9 13
14 9
9 15
10 11
10 12
13 10
10 14
10 15
12 11
13 11
14 11
15 11
12 13
14 12
12 15
14 13
15 13
15 14