1 0
0 2
0 3
4 0
0 5
0 6
0 7
0 8
0 9
10 0
0 11
0 12
0 13
0 14
15 0
0 16
0 17
18 0
0 19
2 1
1 3
1 4
1 5
1 6
7 1
8 1
1 9
10 1
11 1
12 1
1 13
14 1
1 15
16 1
17 1
1 18
1 19
2 3
4 2
2 5
2 6
2 7
8 2
9 2
2 10
2 11
2 12
13 2
2 14
15 2
16 2
2 17
2 18
2 19
4 3
5 3
6 3
3 7
8 3
9 3
3 10
3 11
3 12
3 13
14 3
15 3
3 16
3 17
3 18
19 3
5 4
6 4
7 4
8 4
9 4
4 10
11 4
12 4
4 13
4 14
15 4
16 4
17 4
4 18
19 4
5 6
5 7
5 8
5 9
5 10
11 5
12 5
5 13
5 14
15 5
16 5
17 5
5 18
5 19
6 7
8 6
9 6
10 6
11 6
6 12
13 6
6 14
6 15
16 6
17 6
6 18
6 19
7 8
9 7
10 7
11 7
12 7
7 13
14 7
15 7
16 7
7 17
18 7
7 19
9 8
8 10
11 8
8 12
13 8
14 8
15 8
8 16
17 8
18 8
8 19
9 10
9 11
9 12
13 9
14 9
15 9
16 9
17 9
18 9
9 19
11 10
12 10
10 13
14 10
15 10
10 16
10 17
10 18
10 19
12 11
13 11
11 14
15 11
16 11
17 11
11 18
11 19
12 13
12 14
12 15
16 12
17 12
12 18
12 19
14 13
13 15
13 16
17 13
13 18
13 19
15 14
16 14
14 17
14 18
14 19
16 15
17 15
15 18
15 19
16 17
16 18
16 19
17 18
17 19
18 19