0 1
2 0
3 0
4 0
5 0
0 6
0 7
8 0
0 9
10 0
0 11
0 12
13 0
0 14
0 15
0 16
17 0
18 0
0 19
20 0
21 0
2 1
1 3
1 4
5 1
6 1
7 1
1 8
1 9
10 1
11 1
1 12
1 13
1 14
15 1
1 16
17 1
18 1
19 1
20 1
21 1
3 2
4 2
2 5
2 6
7 2
2 8
2 9
10 2
11 2
2 12
13 2
2 14
2 15
2 16
17 2
18 2
2 19
2 20
2 21
4 3
5 3
6 3
3 7
8 3
3 9
3 10
11 3
3 12
3 13
3 14
15 3
16 3
17 3
3 18
19 3
20 3
21 3
4 5
6 4
7 4
4 8
4 9
4 10
4 11
12 4
13 4
4 14
15 4
4 16
4 17
18 4
4 19
20 4
4 21
5 6
5 7
5 8
5 9
5 10
5 11
5 12
13 5
5 14
5 15
16 5
5 17
5 18
19 5
5 20
21 5
7 6
6 8
6 9
6 10
11 6
12 6
13 6
14 6
15 6
16 6
6 17
18 6
6 19
20 6
6 21
7 8
7 9
10 7
7 11
12 7
13 7
7 14
7 15
16 7
17 7
18 7
7 19
7 20
21 7
9 8
10 8
11 8
12 8
13 8
8 14
15 8
16 8
17 8
8 18
19 8
20 8
8 21
10 9
9 11
12 9
9 13
9 14
15 9
16 9
17 9
9 18
9 19
9 20
21 9
11 10
12 10
13 10
10 14
15 10
10 16
17 10
18 10
19 10
20 10
21 10
11 12
11 13
11 14
11 15
11 16
17 11
11 18
19 11
11 20
21 11
12 13
12 14
12 15
16 12
12 17
18 12
19 12
12 20
21 12
14 13
15 13
16 13
17 13
13 18
13 19
20 13
13 21
15 14
16 14
14 17
14 18
19 14
14 20
21 14
16 15
17 15
18 15
15 19
15 20
21 15
17 16
18 16
16 19
16 20
21 16
17 18
17 19
20 17
21 17
18 19
18 20
21 18
19 20
21 19
21 20