0 1
2 0
3 0
0 4
5 0
6 0
7 0
8 0
9 0
10 0
0 11
12 0
0 13
0 14
0 15
0 16
17 0
18 0
0 19
20 0
0 21
22 0
23 0
24 0
25 0
26 0
0 27
28 0
0 29
0 30
31 0
0 32
33 0
0 34
35 0
0 36
37 0
38 0
39 0
40 0
0 41
0 42
43 0
0 44
0 45
0 46
0 47
0 48
49 0
50 0
51 0
0 52
53 0
54 0
0 55
56 0
0 57
0 58
0 59
0 60
0 61
62 0
63 0
64 0
0 65
66 0
0 67
0 68
0 69
70 0
71 0
0 72
73 0
0 74
2 1
1 3
4 1
1 5
6 1
7 1
8 1
9 1
1 10
11 1
12 1
13 1
1 14
1 15
1 16
1 17
1 18
1 19
20 1
1 21
22 1
23 1
1 24
25 1
26 1
1 27
28 1
1 29
1 30
31 1
1 32
1 33
34 1
35 1
36 1
37 1
38 1
39 1
1 40
1 41
42 1
1 43
1 44
45 1
46 1
1 47
48 1
1 49
50 1
1 51
1 52
53 1
1 54
1 55
1 56
57 1
1 58
1 59
60 1
1 61
1 62
63 1
1 64
1 65
66 1
67 1
1 68
69 1
1 70
1 71
72 1
73 1
1 74
3 2
4 2
2 5
2 6
2 7
2 8
9 2
10 2
2 11
2 12
13 2
2 14
15 2
2 16
2 17
18 2
2 19
2 20
2 21
22 2
2 23
24 2
2 25
26 2
2 27
2 28
29 2
2 30
31 2
2 32
33 2
34 2
2 35
36 2
2 37
38 2
2 39
2 40
41 2
42 2
43 2
44 2
45 2
46 2
2 47
2 48
49 2
2 50
2 51
2 52
2 53
2 54
2 55
2 56
57 2
2 58
59 2
2 60
61 2
2 62
2 63
2 64
65 2
66 2
67 2
68 2
69 2
70 2
2 71
72 2
73 2
2 74
4 3
5 3
3 6
3 7
3 8
9 3
10 3
11 3
12 3
3 13
3 14
3 15
16 3
3 17
3 18
3 19
20 3
21 3
22 3
23 3
3 24
25 3
3 26
27 3
28 3
29 3
3 30
31 3
32 3
3 33
34 3
35 3
36 3
37 3
38 3
3 39
40 3
41 3
42 3
43 3
44 3
3 45
3 46
3 47
48 3
3 49
50 3
3 51
3 52
3 53
54 3
55 3
3 56
3 57
3 58
3 59
60 3
61 3
62 3
3 63
3 64
65 3
3 66
67 3
68 3
69 3
70 3
3 71
72 3
3 73
74 3
4 5
6 4
7 4
4 8
9 4
10 4
11 4
4 12
13 4
14 4
15 4
4 16
4 17
4 18
4 19
4 20
21 4
22 4
4 23
4 24
4 25
4 26
4 27
4 28
29 4
30 4
31 4
4 32
4 33
34 4
4 35
4 36
4 37
38 4
4 39
40 4
41 4
4 42
43 4
4 44
4 45
46 4
4 47
4 48
49 4
4 50
51 4
52 4
4 53
4 54
4 55
56 4
57 4
58 4
59 4
4 60
4 61
4 62
4 63
4 64
4 65
66 4
4 67
4 68
69 4
70 4
71 4
72 4
4 73
74 4
5 6
7 5
5 8
5 9
10 5
5 11
12 5
13 5
14 5
15 5
5 16
5 17
18 5
5 19
20 5
5 21
22 5
5 23
24 5
5 25
26 5
27 5
28 5
5 29
5 30
5 31
5 32
33 5
5 34
35 5
5 36
37 5
5 38
39 5
40 5
41 5
5 42
43 5
44 5
45 5
5 46
47 5
5 48
5 49
50 5
5 51
5 52
5 53
54 5
5 55
5 56
5 57
5 58
5 59
5 60
5 61
5 62
63 5
5 64
65 5
5 66
5 67
68 5
69 5
5 70
71 5
72 5
73 5
74 5
7 6
6 8
6 9
6 10
11 6
6 12
6 13
6 14
15 6
16 6
17 6
6 18
6 19
20 6
6 21
22 6
6 23
24 6
25 6
6 26
27 6
28 6
29 6
30 6
6 31
6 32
6 33
34 6
35 6
36 6
6 37
38 6
6 39
40 6
41 6
42 6
43 6
44 6
6 45
6 46
6 47
6 48
6 49
50 6
6 51
6 52
6 53
54 6
6 55
56 6
57 6
58 6
59 6
60 6
61 6
6 62
63 6
64 6
6 65
66 6
67 6
6 68
69 6
6 70
71 6
72 6
6 73
74 6
8 7
9 7
10 7
11 7
12 7
13 7
7 14
7 15
16 7
7 17
7 18
7 19
7 20
7 21
7 22
7 23
7 24
25 7
26 7
7 27
28 7
29 7
30 7
31 7
7 32
33 7
34 7
7 35
7 36
37 7
7 38
39 7
7 40
7 41
7 42
7 43
7 44
7 45
7 46
47 7
48 7
7 49
50 7
51 7
7 52
53 7
7 54
7 55
7 56
57 7
7 58
59 7
7 60
61 7
62 7
7 63
7 64
7 65
66 7
67 7
7 68
7 69
70 7
71 7
72 7
73 7
74 7
8 9
10 8
8 11
12 8
8 13
14 8
8 15
8 16
17 8
8 18
8 19
20 8
21 8
22 8
8 23
24 8
25 8
26 8
27 8
8 28
8 29
8 30
31 8
32 8
33 8
34 8
35 8
36 8
37 8
38 8
39 8
8 40
8 41
42 8
43 8
44 8
45 8
8 46
8 47
48 8
8 49
8 50
51 8
8 52
53 8
8 54
55 8
8 56
57 8
8 58
8 59
8 60
8 61
8 62
8 63
8 64
8 65
8 66
67 8
68 8
8 69
8 70
71 8
72 8
73 8
8 74
9 10
9 11
12 9
13 9
14 9
15 9
9 16
9 17
18 9
19 9
20 9
21 9
9 22
9 23
9 24
25 9
26 9
27 9
28 9
9 29
9 30
31 9
32 9
9 33
9 34
35 9
36 9
37 9
9 38
9 39
9 40
41 9
9 42
43 9
44 9
45 9
9 46
9 47
48 9
9 49
9 50
51 9
9 52
53 9
54 9
55 9
56 9
9 57
9 58
59 9
9 60
9 61
62 9
9 63
9 64
9 65
9 66
9 67
68 9
69 9
70 9
71 9
9 72
73 9
74 9
11 10
10 12
10 13
14 10
10 15
10 16
17 10
10 18
10 19
20 10
21 10
10 22
10 23
10 24
25 10
26 10
10 27
28 10
10 29
10 30
31 10
10 32
33 10
10 34
10 35
36 10
10 37
38 10
10 39
40 10
10 41
10 42
10 43
44 10
45 10
46 10
47 10
10 48
10 49
50 10
51 10
10 52
53 10
10 54
55 10
10 56
10 57
10 58
59 10
60 10
10 61
62 10
63 10
10 64
10 65
10 66
67 10
68 10
69 10
70 10
10 71
72 10
10 73
10 74
11 12
11 13
11 14
11 15
11 16
17 11
11 18
11 19
20 11
21 11
11 22
11 23
11 24
25 11
11 26
11 27
11 28
29 11
30 11
31 11
32 11
33 11
34 11
11 35
11 36
37 11
38 11
11 39
40 11
41 11
42 11
11 43
11 44
11 45
11 46
11 47
48 11
11 49
11 50
51 11
11 52
11 53
54 11
11 55
11 56
11 57
11 58
11 59
60 11
11 61
62 11
11 63
64 11
11 65
66 11
67 11
11 68
11 69
70 11
11 71
72 11
73 11
74 11
12 13
14 12
12 15
16 12
17 12
12 18
19 12
12 20
12 21
22 12
23 12
12 24
12 25
26 12
27 12
28 12
29 12
12 30
12 31
12 32
12 33
34 12
12 35
36 12
12 37
38 12
12 39
40 12
41 12
42 12
12 43
44 12
12 45
12 46
47 12
48 12
49 12
50 12
12 51
52 12
12 53
12 54
55 12
56 12
12 57
12 58
59 12
12 60
12 61
62 12
63 12
12 64
65 12
12 66
67 12
12 68
12 69
12 70
71 12
72 12
73 12
74 12
14 13
13 15
13 16
13 17
13 18
13 19
13 20
21 13
22 13
23 13
24 13
25 13
26 13
27 13
28 13
13 29
13 30
13 31
13 32
13 33
13 34
13 35
13 36
37 13
38 13
39 13
13 40
13 41
42 13
13 43
13 44
13 45
46 13
13 47
48 13
13 49
50 13
13 51
52 13
13 53
54 13
55 13
13 56
13 57
58 13
59 13
13 60
61 13
62 13
13 63
64 13
13 65
66 13
67 13
68 13
13 69
13 70
71 13
72 13
13 73
74 13
15 14
16 14
17 14
14 18
14 19
20 14
21 14
22 14
23 14
14 24
14 25
14 26
14 27
28 14
29 14
14 30
31 14
32 14
33 14
34 14
35 14
36 14
14 37
38 14
14 39
40 14
14 41
14 42
43 14
44 14
45 14
14 46
47 14
48 14
14 49
50 14
14 51
52 14
14 53
14 54
14 55
56 14
57 14
58 14
59 14
14 60
14 61
62 14
14 63
64 14
14 65
66 14
67 14
14 68
14 69
70 14
71 14
72 14
73 14
14 74
15 16
15 17
15 18
15 19
15 20
15 21
15 22
23 15
15 24
15 25
15 26
15 27
15 28
29 15
30 15
31 15
32 15
15 33
34 15
15 35
15 36
37 15
15 38
15 39
40 15
15 41
42 15
43 15
44 15
15 45
15 46
15 47
15 48
15 49
15 50
15 51
52 15
15 53
54 15
15 55
56 15
15 57
15 58
59 15
15 60
15 61
15 62
63 15
64 15
65 15
15 66
67 15
68 15
69 15
70 15
71 15
15 72
73 15
74 15
16 17
16 18
16 19
20 16
21 16
16 22
23 16
24 16
25 16
26 16
27 16
16 28
16 29
30 16
31 16
16 32
16 33
34 16
35 16
16 36
37 16
16 38
16 39
16 40
16 41
42 16
43 16
44 16
16 45
16 46
47 16
16 48
49 16
16 50
16 51
52 16
53 16
16 54
55 16
16 56
57 16
58 16
59 16
16 60
16 61
16 62
63 16
64 16
65 16
16 66
67 16
16 68
69 16
70 16
71 16
16 72
73 16
74 16
18 17
19 17
17 20
21 17
17 22
17 23
17 24
25 17
26 17
27 17
17 28
29 17
17 30
31 17
17 32
33 17
34 17
17 35
36 17
17 37
38 17
39 17
17 40
41 17
42 17
43 17
44 17
45 17
17 46
17 47
17 48
17 49
17 50
51 17
17 52
17 53
54 17
17 55
17 56
17 57
17 58
59 17
17 60
17 61
62 17
63 17
17 64
65 17
66 17
17 67
68 17
69 17
17 70
71 17
72 17
73 17
74 17
18 19
18 20
18 21
22 18
18 23
18 24
18 25
26 18
27 18
18 28
18 29
18 30
31 18
18 32
18 33
34 18
35 18
18 36
18 37
18 38
18 39
18 40
41 18
18 42
43 18
18 44
45 18
18 46
18 47
48 18
49 18
18 50
51 18
52 18
53 18
18 54
18 55
18 56
57 18
18 58
59 18
18 60
61 18
18 62
18 63
64 18
65 18
66 18
67 18
68 18
69 18
70 18
18 71
18 72
73 18
74 18
19 20
19 21
22 19
23 19
24 19
25 19
19 26
27 19
19 28
19 29
19 30
31 19
19 32
19 33
34 19
19 35
36 19
19 37
19 38
39 19
19 40
19 41
19 42
43 19
19 44
45 19
46 19
19 47
48 19
49 19
50 19
51 19
52 19
53 19
19 54
19 55
19 56
19 57
19 58
19 59
19 60
19 61
19 62
63 19
64 19
19 65
66 19
19 67
19 68
19 69
70 19
19 71
72 19
73 19
74 19
21 20
22 20
20 23
20 24
20 25
26 20
27 20
20 28
20 29
30 20
20 31
20 32
33 20
20 34
20 35
20 36
37 20
38 20
20 39
20 40
41 20
20 42
20 43
44 20
20 45
46 20
47 20
48 20
20 49
20 50
20 51
52 20
20 53
54 20
55 20
20 56
57 20
58 20
20 59
60 20
61 20
20 62
63 20
20 64
65 20
20 66
20 67
68 20
69 20
70 20
20 71
20 72
73 20
20 74
21 22
21 23
21 24
21 25
21 26
27 21
28 21
29 21
30 21
21 31
32 21
21 33
21 34
35 21
21 36
21 37
21 38
39 21
21 40
41 21
42 21
43 21
44 21
21 45
21 46
21 47
21 48
49 21
50 21
51 21
21 52
21 53
54 21
55 21
21 56
21 57
21 58
59 21
21 60
61 21
21 62
63 21
64 21
21 65
21 66
21 67
21 68
21 69
21 70
71 21
72 21
21 73
21 74
22 23
24 22
25 22
26 22
22 27
22 28
22 29
30 22
22 31
22 32
33 22
22 34
22 35
36 22
22 37
22 38
22 39
40 22
22 41
42 22
22 43
22 44
45 22
46 22
47 22
48 22
22 49
50 22
22 51
22 52
22 53
54 22
55 22
22 56
22 57
58 22
22 59
22 60
61 22
22 62
22 63
22 64
65 22
22 66
22 67
68 22
69 22
70 22
71 22
22 72
73 22
22 74
24 23
25 23
26 23
23 27
23 28
23 29
30 23
23 31
32 23
33 23
23 34
35 23
36 23
37 23
38 23
23 39
40 23
23 41
23 42
23 43
44 23
23 45
46 23
23 47
48 23
23 49
23 50
51 23
52 23
53 23
54 23
55 23
56 23
57 23
23 58
59 23
23 60
61 23
23 62
63 23
64 23
23 65
23 66
67 23
68 23
23 69
70 23
23 71
23 72
23 73
23 74
25 24
26 24
24 27
24 28
29 24
30 24
24 31
32 24
24 33
34 24
24 35
24 36
24 37
24 38
24 39
24 40
41 24
42 24
24 43
44 24
45 24
46 24
24 47
24 48
49 24
24 50
24 51
52 24
53 24
24 54
24 55
24 56
57 24
24 58
24 59
60 24
61 24
24 62
24 63
64 24
65 24
24 66
24 67
24 68
69 24
70 24
24 71
72 24
73 24
74 24
26 25
27 25
28 25
29 25
25 30
31 25
25 32
25 33
25 34
25 35
36 25
37 25
38 25
39 25
40 25
41 25
42 25
43 25
44 25
45 25
46 25
25 47
48 25
49 25
50 25
51 25
52 25
53 25
54 25
25 55
56 25
57 25
25 58
25 59
25 60
25 61
62 25
25 63
64 25
65 25
25 66
67 25
25 68
25 69
70 25
71 25
72 25
73 25
74 25
27 26
28 26
29 26
30 26
31 26
26 32
26 33
34 26
26 35
26 36
26 37
26 38
26 39
26 40
26 41
42 26
43 26
44 26
26 45
46 26
26 47
48 26
49 26
26 50
51 26
26 52
26 53
26 54
26 55
56 26
26 57
58 26
26 59
60 26
26 61
26 62
26 63
64 26
26 65
26 66
67 26
68 26
69 26
70 26
26 71
26 72
73 26
26 74
28 27
27 29
30 27
27 31
32 27
33 27
34 27
35 27
36 27
27 37
38 27
39 27
40 27
27 41
27 42
27 43
44 27
45 27
27 46
27 47
27 48
49 27
50 27
51 27
52 27
53 27
27 54
55 27
56 27
57 27
58 27
27 59
27 60
27 61
27 62
27 63
64 27
65 27
66 27
27 67
27 68
27 69
27 70
71 27
72 27
73 27
27 74
29 28
28 30
28 31
28 32
28 33
34 28
35 28
36 28
37 28
28 38
39 28
40 28
28 41
42 28
43 28
44 28
45 28
46 28
47 28
48 28
49 28
50 28
51 28
52 28
53 28
54 28
55 28
28 56
57 28
28 58
59 28
60 28
28 61
62 28
63 28
64 28
65 28
66 28
67 28
28 68
28 69
70 28
28 71
72 28
28 73
28 74
29 30
29 31
29 32
29 33
34 29
29 35
36 29
37 29
38 29
29 39
40 29
29 41
29 42
43 29
44 29
45 29
29 46
29 47
29 48
49 29
29 50
51 29
29 52
53 29
29 54
29 55
29 56
57 29
58 29
59 29
60 29
61 29
29 62
29 63
29 64
65 29
66 29
29 67
29 68
29 69
29 70
71 29
72 29
29 73
29 74
31 30
30 32
30 33
34 30
35 30
30 36
30 37
38 30
30 39
40 30
30 41
30 42
30 43
30 44
30 45
46 30
47 30
48 30
49 30
30 50
30 51
52 30
53 30
30 54
30 55
56 30
30 57
30 58
30 59
30 60
61 30
62 30
30 63
64 30
65 30
30 66
30 67
30 68
30 69
70 30
71 30
72 30
73 30
30 74
31 32
31 33
34 31
31 35
31 36
37 31
38 31
39 31
31 40
31 41
31 42
31 43
31 44
31 45
31 46
47 31
48 31
31 49
31 50
31 51
52 31
53 31
54 31
55 31
31 56
31 57
31 58
31 59
60 31
61 31
31 62
63 31
64 31
31 65
31 66
31 67
31 68
69 31
31 70
31 71
31 72
73 31
31 74
32 33
34 32
35 32
36 32
32 37
32 38
39 32
40 32
41 32
32 42
32 43
44 32
45 32
46 32
47 32
32 48
32 49
32 50
32 51
52 32
32 53
32 54
55 32
32 56
57 32
32 58
32 59
60 32
61 32
32 62
32 63
64 32
65 32
66 32
32 67
68 32
32 69
32 70
32 71
72 32
32 73
32 74
33 34
33 35
36 33
37 33
33 38
33 39
40 33
41 33
33 42
43 33
44 33
45 33
46 33
47 33
48 33
33 49
33 50
51 33
33 52
33 53
33 54
55 33
56 33
33 57
58 33
33 59
33 60
61 33
62 33
63 33
33 64
33 65
66 33
67 33
68 33
33 69
70 33
71 33
72 33
33 73
33 74
34 35
36 34
34 37
38 34
34 39
40 34
41 34
42 34
43 34
34 44
45 34
46 34
47 34
48 34
49 34
50 34
34 51
52 34
53 34
34 54
34 55
56 34
57 34
34 58
59 34
34 60
34 61
62 34
63 34
64 34
65 34
66 34
67 34
34 68
69 34
70 34
34 71
72 34
34 73
74 34
35 36
35 37
38 35
39 35
35 40
35 41
42 35
35 43
35 44
45 35
46 35
47 35
48 35
35 49
50 35
51 35
52 35
53 35
35 54
55 35
56 35
35 57
58 35
35 59
60 35
35 61
35 62
63 35
64 35
65 35
66 35
67 35
35 68
69 35
70 35
71 35
72 35
35 73
74 35
36 37
36 38
36 39
36 40
41 36
36 42
43 36
44 36
36 45
46 36
36 47
48 36
36 49
36 50
51 36
52 36
36 53
54 36
36 55
36 56
57 36
58 36
59 36
60 36
61 36
36 62
36 63
64 36
36 65
66 36
36 67
36 68
69 36
70 36
36 71
72 36
73 36
74 36
37 38
37 39
40 37
41 37
37 42
37 43
44 37
45 37
37 46
47 37
37 48
37 49
37 50
37 51
52 37
53 37
37 54
55 37
56 37
37 57
58 37
59 37
37 60
37 61
37 62
63 37
37 64
37 65
37 66
37 67
37 68
37 69
37 70
37 71
37 72
73 37
37 74
39 38
40 38
38 41
38 42
43 38
38 44
38 45
46 38
47 38
38 48
49 38
50 38
51 38
38 52
38 53
38 54
38 55
38 56
57 38
38 58
59 38
60 38
38 61
62 38
63 38
38 64
65 38
38 66
67 38
68 38
38 69
38 70
38 71
72 38
73 38
38 74
39 40
41 39
42 39
43 39
44 39
45 39
39 46
39 47
48 39
49 39
39 50
39 51
39 52
39 53
39 54
39 55
56 39
39 57
39 58
39 59
60 39
39 61
39 62
39 63
39 64
39 65
66 39
67 39
68 39
69 39
70 39
39 71
39 72
39 73
39 74
40 41
40 42
43 40
40 44
45 40
46 40
47 40
40 48
49 40
50 40
51 40
40 52
53 40
40 54
55 40
40 56
40 57
58 40
59 40
40 60
61 40
62 40
40 63
40 64
40 65
66 40
67 40
68 40
40 69
40 70
71 40
40 72
73 40
40 74
42 41
43 41
41 44
45 41
46 41
47 41
41 48
49 41
41 50
41 51
52 41
53 41
54 41
41 55
56 41
41 57
41 58
59 41
60 41
41 61
41 62
41 63
41 64
41 65
66 41
67 41
41 68
41 69
41 70
71 41
41 72
41 73
74 41
43 42
42 44
45 42
42 46
47 42
42 48
42 49
50 42
51 42
52 42
42 53
42 54
55 42
42 56
42 57
42 58
42 59
60 42
61 42
62 42
63 42
64 42
65 42
42 66
42 67
68 42
69 42
42 70
71 42
72 42
42 73
74 42
43 44
43 45
46 43
43 47
48 43
49 43
50 43
51 43
43 52
43 53
54 43
43 55
43 56
57 43
43 58
43 59
43 60
43 61
62 43
43 63
64 43
65 43
66 43
67 43
68 43
43 69
43 70
43 71
72 43
73 43
74 43
44 45
46 44
44 47
48 44
49 44
50 44
44 51
44 52
53 44
54 44
55 44
44 56
44 57
58 44
59 44
44 60
61 44
44 62
63 44
64 44
44 65
66 44
44 67
68 44
44 69
44 70
44 71
44 72
73 44
74 44
46 45
47 45
45 48
45 49
50 45
45 51
52 45
53 45
54 45
55 45
56 45
45 57
58 45
59 45
60 45
45 61
45 62
45 63
45 64
45 65
45 66
67 45
45 68
69 45
45 70
45 71
72 45
73 45
74 45
47 46
48 46
46 49
50 46
51 46
52 46
46 53
54 46
55 46
56 46
57 46
46 58
59 46
60 46
61 46
46 62
63 46
46 64
46 65
66 46
46 67
68 46
46 69
46 70
46 71
46 72
73 46
74 46
47 48
47 49
50 47
51 47
47 52
47 53
54 47
47 55
56 47
47 57
58 47
47 59
47 60
47 61
47 62
47 63
47 64
65 47
47 66
67 47
47 68
69 47
70 47
71 47
47 72
73 47
47 74
49 48
48 50
48 51
48 52
53 48
48 54
55 48
56 48
48 57
48 58
48 59
48 60
61 48
48 62
48 63
64 48
48 65
48 66
48 67
68 48
48 69
70 48
71 48
48 72
73 48
48 74
49 50
49 51
49 52
49 53
49 54
49 55
49 56
49 57
49 58
59 49
60 49
49 61
62 49
49 63
64 49
65 49
66 49
67 49
49 68
49 69
49 70
71 49
72 49
49 73
49 74
50 51
50 52
50 53
54 50
55 50
56 50
50 57
50 58
50 59
50 60
50 61
62 50
63 50
64 50
50 65
50 66
67 50
68 50
69 50
50 70
50 71
72 50
73 50
74 50
52 51
53 51
51 54
51 55
56 51
57 51
51 58
59 51
51 60
51 61
51 62
63 51
51 64
51 65
66 51
51 67
68 51
51 69
70 51
51 71
72 51
51 73
51 74
52 53
52 54
55 52
56 52
52 57
52 58
59 52
52 60
52 61
62 52
63 52
52 64
65 52
66 52
52 67
68 52
52 69
70 52
52 71
72 52
52 73
52 74
53 54
53 55
56 53
57 53
58 53
59 53
53 60
53 61
53 62
63 53
64 53
53 65
53 66
53 67
68 53
69 53
70 53
71 53
72 53
53 73
74 53
55 54
54 56
54 57
54 58
54 59
60 54
61 54
62 54
63 54
64 54
65 54
54 66
67 54
54 68
69 54
70 54
71 54
54 72
54 73
54 74
56 55
55 57
58 55
59 55
60 55
61 55
62 55
55 63
64 55
55 65
66 55
55 67
55 68
55 69
55 70
55 71
55 72
55 73
74 55
56 57
56 58
59 56
60 56
61 56
56 62
63 56
56 64
65 56
66 56
67 56
68 56
56 69
70 56
71 56
56 72
56 73
74 56
57 58
57 59
60 57
61 57
57 62
63 57
64 57
65 57
57 66
67 57
68 57
57 69
70 57
57 71
57 72
57 73
57 74
58 59
60 58
61 58
62 58
63 58
64 58
58 65
66 58
67 58
68 58
69 58
58 70
71 58
58 72
73 58
74 58
60 59
59 61
62 59
59 63
59 64
59 65
59 66
67 59
68 59
59 69
59 70
71 59
59 72
73 59
59 74
60 61
60 62
60 63
60 64
65 60
66 60
67 60
68 60
69 60
70 60
60 71
60 72
60 73
60 74
61 62
63 61
64 61
61 65
61 66
61 67
61 68
69 61
70 61
71 61
72 61
61 73
74 61
63 62
62 64
62 65
66 62
62 67
68 62
69 62
62 70
71 62
62 72
62 73
74 62
64 63
65 63
63 66
67 63
63 68
69 63
63 70
71 63
72 63
63 73
63 74
65 64
64 66
67 64
68 64
69 64
64 70
64 71
72 64
64 73
64 74
65 66
67 65
65 68
65 69
70 65
71 65
65 72
73 65
74 65
66 67
68 66
69 66
70 66
71 66
72 66
73 66
66 74
68 67
69 67
70 67
71 67
67 72
73 67
67 74
69 68
68 70
68 71
68 72
68 73
74 68
69 70
69 71
72 69
69 73
69 74
70 71
72 70
70 73
70 74
72 71
73 71
71 74
72 73
72 74
73 74