1 0
2 0
3 0
0 4
5 0
0 6
7 0
8 0
0 9
10 0
11 0
12 0
13 0
0 14
15 0
16 0
0 17
18 0
0 19
0 20
0 21
0 22
1 2
1 3
4 1
5 1
6 1
1 7
1 8
1 9
1 10
1 11
1 12
1 13
14 1
15 1
1 16
17 1
1 18
19 1
1 20
1 21
22 1
3 2
2 4
2 5
2 6
7 2
8 2
9 2
10 2
11 2
12 2
13 2
2 14
15 2
2 16
17 2
18 2
2 19
2 20
21 2
2 22
4 3
3 5
6 3
3 7
3 8
3 9
10 3
11 3
12 3
3 13
3 14
3 15
16 3
3 17
18 3
19 3
20 3
21 3
22 3
4 5
4 6
7 4
8 4
9 4
4 10
4 11
4 12
4 13
14 4
4 15
4 16
4 17
4 18
19 4
4 20
21 4
4 22
5 6
7 5
8 5
5 9
5 10
11 5
12 5
13 5
14 5
15 5
16 5
5 17
5 18
19 5
20 5
5 21
22 5
6 7
6 8
9 6
6 10
6 11
6 12
6 13
6 14
15 6
6 16
17 6
6 18
19 6
20 6
21 6
6 22
7 8
7 9
7 10
7 11
7 12
7 13
14 7
7 15
16 7
17 7
7 18
7 19
7 20
7 21
7 22
8 9
8 10
8 11
12 8
8 13
14 8
8 15
16 8
17 8
8 18
19 8
20 8
21 8
8 22
9 10
11 9
9 12
13 9
14 9
15 9
16 9
17 9
9 18
19 9
9 20
9 21
22 9
11 10
12 10
10 13
10 14
15 10
10 16
10 17
18 10
19 10
10 20
21 10
22 10
11 12
13 11
11 14
11 15
16 11
11 17
18 11
11 19
11 20
21 11
22 11
12 13
14 12
15 12
12 16
17 12
12 18
12 19
20 12
12 21
22 12
13 14
13 15
13 16
17 13
13 18
13 19
20 13
13 21
13 22
15 14
16 14
14 17
18 14
14 19
14 20
14 21
14 22
15 16
15 17
15 18
15 19
20 15
21 15
15 22
17 16
16 18
16 19
20 16
16 21
22 16
17 18
17 19
17 20
21 17
22 17
18 19
18 20
21 18
22 18
19 20
21 19
22 19
21 20
20 22
21 22