1 0
0 2
3 0
0 4
0 5
0 6
7 0
0 8
0 9
0 10
11 0
0 12
0 13
14 0
0 15
0 16
0 17
0 18
19 0
0 20
0 21
22 0
23 0
2 1
1 3
4 1
1 5
6 1
1 7
8 1
1 9
10 1
1 11
1 12
1 13
14 1
1 15
16 1
1 17
1 18
19 1
20 1
1 21
1 22
23 1
3 2
2 4
5 2
2 6
7 2
2 8
9 2
10 2
11 2
2 12
2 13
2 14
15 2
16 2
17 2
18 2
2 19
20 2
2 21
22 2
2 23
4 3
3 5
6 3
3 7
3 8
9 3
3 10
3 11
3 12
3 13
3 14
15 3
16 3
3 17
3 18
19 3
20 3
21 3
22 3
23 3
5 4
4 6
7 4
4 8
4 9
10 4
4 11
12 4
4 13
4 14
4 15
16 4
4 17
4 18
19 4
20 4
21 4
22 4
4 23
5 6
7 5
5 8
9 5
5 10
11 5
12 5
13 5
5 14
5 15
5 16
5 17
18 5
19 5
20 5
21 5
5 22
23 5
6 7
8 6
6 9
10 6
6 11
6 12
6 13
14 6
15 6
16 6
6 17
18 6
19 6
20 6
21 6
6 22
6 23
7 8
7 9
7 10
7 11
12 7
13 7
14 7
7 15
7 16
17 7
18 7
19 7
7 20
21 7
7 22
23 7
9 8
8 10
8 11
8 12
13 8
14 8
15 8
16 8
8 17
8 18
19 8
20 8
8 21
8 22
23 8
10 9
11 9
12 9
9 13
9 14
15 9
16 9
9 17
9 18
9 19
9 20
9 21
22 9
23 9
10 11
10 12
10 13
10 14
10 15
10 16
10 17
18 10
10 19
20 10
10 21
22 10
10 23
12 11
13 11
14 11
15 11
16 11
11 17
18 11
11 19
20 11
11 21
11 22
11 23
12 13
14 12
12 15
16 12
17 12
18 12
19 12
20 12
21 12
22 12
12 23
14 13
13 15
13 16
17 13
18 13
13 19
20 13
21 13
13 22
13 23
15 14
14 16
14 17
14 18
14 19
20 14
21 14
22 14
23 14
16 15
15 17
18 15
15 19
20 15
21 15
15 22
15 23
16 17
16 18
19 16
16 20
21 16
22 16
16 23
17 18
19 17
17 20
21 17
17 22
17 23
19 18
18 20
21 18
18 22
23 18
20 19
21 19
22 19
19 23
20 21
22 20
20 23
22 21
23 21
22 23