0 1
2 0
3 0
4 0
0 5
0 6
7 0
8 0
0 9
0 10
11 0
0 12
13 0
14 0
0 15
16 0
17 0
0 18
1 2
1 3
4 1
5 1
1 6
1 7
1 8
9 1
10 1
1 11
1 12
13 1
14 1
15 1
16 1
1 17
1 18
2 3
2 4
2 5
6 2
7 2
2 8
9 2
2 10
11 2
2 12
13 2
14 2
15 2
16 2
2 17
2 18
4 3
5 3
3 6
3 7
3 8
9 3
10 3
11 3
12 3
3 13
14 3
3 15
16 3
3 17
18 3
4 5
4 6
4 7
8 4
4 9
10 4
4 11
4 12
13 4
14 4
15 4
16 4
17 4
4 18
6 5
7 5
5 8
9 5
5 10
5 11
12 5
5 13
5 14
15 5
5 16
5 17
18 5
6 7
6 8
9 6
6 10
6 11
6 12
13 6
14 6
6 15
6 16
17 6
18 6
8 7
7 9
7 10
7 11
12 7
13 7
7 14
7 15
16 7
17 7
7 18
9 8
10 8
8 11
12 8
13 8
14 8
8 15
16 8
8 17
8 18
9 10
11 9
9 12
13 9
14 9
15 9
16 9
17 9
9 18
11 10
10 12
10 13
10 14
10 15
16 10
17 10
18 10
11 12
13 11
14 11
15 11
16 11
17 11
11 18
12 13
14 12
12 15
12 16
17 12
12 18
14 13
15 13
13 16
17 13
18 13
15 14
14 16
17 14
14 18
16 15
15 17
15 18
16 17
16 18
17 18