1 0
2 0
3 0
0 4
0 5
6 0
7 0
8 0
9 0
10 0
11 0
12 0
13 0
14 0
0 15
16 0
0 17
18 0
19 0
0 20
0 21
22 0
23 0
0 24
1 2
1 3
4 1
1 5
1 6
1 7
8 1
9 1
10 1
1 11
12 1
13 1
14 1
15 1
16 1
17 1
1 18
19 1
20 1
21 1
22 1
1 23
24 1
3 2
4 2
2 5
2 6
7 2
2 8
9 2
2 10
2 11
12 2
13 2
2 14
15 2
2 16
17 2
18 2
19 2
2 20
2 21
22 2
2 23
2 24
3 4
5 3
6 3
3 7
3 8
3 9
3 10
11 3
3 12
13 3
3 14
3 15
16 3
17 3
3 18
3 19
3 20
21 3
22 3
23 3
24 3
4 5
4 6
7 4
8 4
4 9
10 4
4 11
12 4
4 13
4 14
15 4
4 16
4 17
18 4
4 19
20 4
21 4
22 4
4 23
24 4
6 5
5 7
5 8
5 9
10 5
11 5
12 5
5 13
14 5
15 5
16 5
17 5
18 5
5 19
5 20
5 21
22 5
5 23
24 5
7 6
8 6
6 9
10 6
6 11
12 6
6 13
6 14
6 15
16 6
17 6
6 18
6 19
6 20
21 6
6 22
6 23
6 24
8 7
7 9
7 10
11 7
12 7
7 13
14 7
7 15
16 7
7 17
18 7
7 19
7 20
7 21
7 22
7 23
24 7
8 9
10 8
11 8
8 12
8 13
14 8
8 15
16 8
8 17
8 18
8 19
20 8
21 8
22 8
23 8
24 8
10 9
11 9
9 12
9 13
14 9
9 15
9 16
17 9
18 9
9 19
9 20
21 9
22 9
9 23
24 9
10 11
10 12
13 10
10 14
15 10
10 16
17 10
10 18
10 19
10 20
21 10
10 22
10 23
10 24
12 11
11 13
11 14
11 15
16 11
17 11
11 18
11 19
20 11
11 21
11 22
11 23
11 24
13 12
12 14
12 15
16 12
12 17
18 12
19 12
12 20
12 21
22 12
12 23
12 24
14 13
13 15
16 13
17 13
18 13
19 13
13 20
13 21
22 13
23 13
24 13
15 14
14 16
14 17
18 14
14 19
20 14
14 21
22 14
14 23
14 24
15 16
17 15
15 18
19 15
15 20
15 21
15 22
15 23
24 15
17 16
18 16
19 16
20 16
16 21
16 22
23 16
24 16
17 18
19 17
17 20
17 21
17 22
17 23
24 17
18 19
18 20
18 21
22 18
23 18
24 18
20 19
19 21
19 22
19 23
24 19
20 21
22 20
23 20
24 20
21 22
21 23
21 24
23 22
24 22
23 24